Routing Table for All Nodes
Shotest Path Routing for Node 0:
Destination Node                         Path       Path Cost
               1                          0 1               1
               2                        0 1 2               2
               3                      0 1 2 3               3
               4                    0 1 2 3 4               4
               5                    0 8 7 6 5               4
               6                      0 8 7 6               3
               7                        0 8 7               2
               8                          0 8               1
               9                          0 9               1
              10                       0 9 10               2
              11                       0 8 11               2
              12                       0 8 12               2
              13                     0 8 7 13               3
              14                       0 8 14               2
              15                    0 9 10 15               3
              16                 0 9 10 15 16               4
              17                    0 8 11 17               3
              18                    0 8 14 18               3
              19                    0 8 14 19               3
              20                 0 8 14 18 20               4
              21                 0 8 14 18 21               4
              22                 0 8 11 17 22               4
              23                 0 8 11 17 23               4

Shotest Path Routing for Node 1:
Destination Node                         Path       Path Cost
               0                          1 0               1
               2                          1 2               1
               3                        1 2 3               2
               4                      1 2 3 4               3
               5                    1 2 3 4 5               4
               6                    1 0 8 7 6               4
               7                      1 0 8 7               3
               8                        1 0 8               2
               9                        1 0 9               2
              10                     1 0 9 10               3
              11                     1 0 8 11               3
              12                     1 0 8 12               3
              13                   1 0 8 7 13               4
              14                     1 0 8 14               3
              15                  1 0 9 10 15               4
              16               1 0 9 10 15 16               5
              17                  1 0 8 11 17               4
              18                  1 0 8 14 18               4
              19                  1 0 8 14 19               4
              20               1 0 8 14 18 20               5
              21               1 0 8 14 18 21               5
              22               1 0 8 11 17 22               5
              23               1 0 8 11 17 23               5

Shotest Path Routing for Node 2:
Destination Node                         Path       Path Cost
               0                        2 1 0               2
               1                          2 1               1
               3                          2 3               1
               4                        2 3 4               2
               5                      2 3 4 5               3
               6                      2 8 7 6               3
               7                        2 8 7               2
               8                          2 8               1
               9                        2 8 9               2
              10                     2 8 9 10               3
              11                       2 8 11               2
              12                       2 8 12               2
              13                     2 8 7 13               3
              14                       2 8 14               2
              15                  2 8 9 10 15               4
              16                 2 8 11 17 16               4
              17                    2 8 11 17               3
              18                    2 8 14 18               3
              19                    2 8 14 19               3
              20                 2 8 14 18 20               4
              21                 2 8 14 18 21               4
              22                 2 8 11 17 22               4
              23                 2 8 11 17 23               4

Shotest Path Routing for Node 3:
Destination Node                         Path       Path Cost
               0                      3 2 1 0               3
               1                        3 2 1               2
               2                          3 2               1
               4                          3 4               1
               5                        3 4 5               2
               6                      3 4 5 6               3
               7                      3 2 8 7               3
               8                        3 2 8               2
               9                      3 2 8 9               3
              10                   3 2 8 9 10               4
              11                     3 2 8 11               3
              12                     3 2 8 12               3
              13                   3 2 8 7 13               4
              14                     3 2 8 14               3
              15                3 2 8 9 10 15               5
              16               3 2 8 11 17 16               5
              17                  3 2 8 11 17               4
              18                  3 2 8 14 18               4
              19                  3 2 8 14 19               4
              20               3 2 8 14 18 20               5
              21               3 2 8 14 18 21               5
              22               3 2 8 11 17 22               5
              23               3 2 8 11 17 23               5

Shotest Path Routing for Node 4:
Destination Node                         Path       Path Cost
               0                    4 3 2 1 0               4
               1                      4 3 2 1               3
               2                        4 3 2               2
               3                          4 3               1
               5                          4 5               1
               6                        4 5 6               2
               7                      4 5 6 7               3
               8                      4 3 2 8               3
               9                    4 3 2 8 9               4
              10                 4 3 2 8 9 10               5
              11                   4 3 2 8 11               4
              12                   4 3 2 8 12               4
              13                   4 5 6 7 13               4
              14                   4 5 6 7 14               4
              15              4 3 2 8 9 10 15               6
              16             4 3 2 8 11 17 16               6
              17                4 3 2 8 11 17               5
              18                4 5 6 7 14 18               5
              19                4 5 6 7 13 19               5
              20             4 5 6 7 14 18 20               6
              21             4 5 6 7 14 18 21               6
              22             4 3 2 8 11 17 22               6
              23             4 3 2 8 11 17 23               6

Shotest Path Routing for Node 5:
Destination Node                         Path       Path Cost
               0                    5 6 7 8 0               4
               1                    5 4 3 2 1               4
               2                      5 4 3 2               3
               3                        5 4 3               2
               4                          5 4               1
               6                          5 6               1
               7                        5 6 7               2
               8                      5 6 7 8               3
               9                    5 6 7 8 9               4
              10                 5 6 7 8 9 10               5
              11                   5 6 7 8 11               4
              12                   5 6 7 8 12               4
              13                     5 6 7 13               3
              14                     5 6 7 14               3
              15               5 6 7 14 17 15               5
              16               5 6 7 14 17 16               5
              17                  5 6 7 14 17               4
              18                  5 6 7 14 18               4
              19                  5 6 7 13 19               4
              20               5 6 7 14 18 20               5
              21               5 6 7 14 18 21               5
              22               5 6 7 14 17 22               5
              23               5 6 7 14 17 23               5

Shotest Path Routing for Node 6:
Destination Node                         Path       Path Cost
               0                      6 7 8 0               3
               1                    6 7 8 0 1               4
               2                      6 7 8 2               3
               3                      6 5 4 3               3
               4                        6 5 4               2
               5                          6 5               1
               7                          6 7               1
               8                        6 7 8               2
               9                      6 7 8 9               3
              10                   6 7 8 9 10               4
              11                     6 7 8 11               3
              12                     6 7 8 12               3
              13                       6 7 13               2
              14                       6 7 14               2
              15                 6 7 14 17 15               4
              16                 6 7 14 17 16               4
              17                    6 7 14 17               3
              18                    6 7 14 18               3
              19                    6 7 13 19               3
              20                 6 7 14 18 20               4
              21                 6 7 14 18 21               4
              22                 6 7 14 17 22               4
              23                 6 7 14 17 23               4

Shotest Path Routing for Node 7:
Destination Node                         Path       Path Cost
               0                        7 8 0               2
               1                      7 8 0 1               3
               2                        7 8 2               2
               3                      7 8 2 3               3
               4                      7 6 5 4               3
               5                        7 6 5               2
               6                          7 6               1
               8                          7 8               1
               9                        7 8 9               2
              10                     7 8 9 10               3
              11                       7 8 11               2
              12                       7 8 12               2
              13                         7 13               1
              14                         7 14               1
              15                   7 14 17 15               3
              16                   7 14 17 16               3
              17                      7 14 17               2
              18                      7 14 18               2
              19                      7 13 19               2
              20                   7 14 18 20               3
              21                   7 14 18 21               3
              22                   7 14 17 22               3
              23                   7 14 17 23               3

Shotest Path Routing for Node 8:
Destination Node                         Path       Path Cost
               0                          8 0               1
               1                        8 0 1               2
               2                          8 2               1
               3                        8 2 3               2
               4                      8 2 3 4               3
               5                      8 7 6 5               3
               6                        8 7 6               2
               7                          8 7               1
               9                          8 9               1
              10                       8 9 10               2
              11                         8 11               1
              12                         8 12               1
              13                       8 7 13               2
              14                         8 14               1
              15                    8 9 10 15               3
              16                   8 11 17 16               3
              17                      8 11 17               2
              18                      8 14 18               2
              19                      8 14 19               2
              20                   8 14 18 20               3
              21                   8 14 18 21               3
              22                   8 11 17 22               3
              23                   8 11 17 23               3

Shotest Path Routing for Node 9:
Destination Node                         Path       Path Cost
               0                          9 0               1
               1                        9 0 1               2
               2                        9 8 2               2
               3                      9 8 2 3               3
               4                    9 8 2 3 4               4
               5                    9 8 7 6 5               4
               6                      9 8 7 6               3
               7                        9 8 7               2
               8                          9 8               1
              10                         9 10               1
              11                       9 8 11               2
              12                         9 12               1
              13                      9 12 13               2
              14                       9 8 14               2
              15                      9 10 15               2
              16                   9 10 15 16               3
              17                      9 12 17               2
              18                    9 8 14 18               3
              19                   9 12 13 19               3
              20                 9 8 14 18 20               4
              21                 9 8 14 18 21               4
              22                   9 12 17 22               3
              23                   9 12 17 23               3

Shotest Path Routing for Node 10:
Destination Node                         Path       Path Cost
               0                       10 9 0               2
               1                     10 9 0 1               3
               2                     10 9 8 2               3
               3                   10 9 8 2 3               4
               4                 10 9 8 2 3 4               5
               5                 10 9 8 7 6 5               5
               6                   10 9 8 7 6               4
               7                     10 9 8 7               3
               8                       10 9 8               2
               9                         10 9               1
              11                        10 11               1
              12                      10 9 12               2
              13                   10 9 12 13               3
              14                    10 9 8 14               3
              15                        10 15               1
              16                     10 15 16               2
              17                     10 11 17               2
              18                     10 15 18               2
              19                  10 15 18 19               3
              20                  10 15 18 20               3
              21                  10 15 18 21               3
              22                  10 11 17 22               3
              23                  10 15 16 23               3

Shotest Path Routing for Node 11:
Destination Node                         Path       Path Cost
               0                       11 8 0               2
               1                     11 8 0 1               3
               2                       11 8 2               2
               3                     11 8 2 3               3
               4                   11 8 2 3 4               4
               5                   11 8 7 6 5               4
               6                     11 8 7 6               3
               7                       11 8 7               2
               8                         11 8               1
               9                       11 8 9               2
              10                        11 10               1
              12                        11 12               1
              13                     11 12 13               2
              14                      11 8 14               2
              15                     11 10 15               2
              16                     11 17 16               2
              17                        11 17               1
              18                     11 17 18               2
              19                  11 12 13 19               3
              20                  11 17 18 20               3
              21                  11 17 18 21               3
              22                     11 17 22               2
              23                     11 17 23               2

Shotest Path Routing for Node 12:
Destination Node                         Path       Path Cost
               0                       12 8 0               2
               1                     12 8 0 1               3
               2                       12 8 2               2
               3                     12 8 2 3               3
               4                   12 8 2 3 4               4
               5                   12 8 7 6 5               4
               6                     12 8 7 6               3
               7                       12 8 7               2
               8                         12 8               1
               9                         12 9               1
              10                      12 9 10               2
              11                        12 11               1
              13                        12 13               1
              14                        12 14               1
              15                     12 17 15               2
              16                     12 17 16               2
              17                        12 17               1
              18                     12 14 18               2
              19                     12 13 19               2
              20                  12 14 18 20               3
              21                  12 14 18 21               3
              22                     12 17 22               2
              23                     12 17 23               2

Shotest Path Routing for Node 13:
Destination Node                         Path       Path Cost
               0                     13 7 8 0               3
               1                   13 7 8 0 1               4
               2                     13 7 8 2               3
               3                   13 7 8 2 3               4
               4                   13 7 6 5 4               4
               5                     13 7 6 5               3
               6                       13 7 6               2
               7                         13 7               1
               8                       13 7 8               2
               9                      13 12 9               2
              10                   13 12 9 10               3
              11                     13 12 11               2
              12                        13 12               1
              14                        13 14               1
              15                  13 12 17 15               3
              16                  13 12 17 16               3
              17                     13 12 17               2
              18                     13 14 18               2
              19                        13 19               1
              20                     13 19 20               2
              21                  13 14 18 21               3
              22                  13 12 17 22               3
              23                  13 12 17 23               3

Shotest Path Routing for Node 14:
Destination Node                         Path       Path Cost
               0                       14 8 0               2
               1                     14 8 0 1               3
               2                       14 8 2               2
               3                     14 8 2 3               3
               4                   14 8 2 3 4               4
               5                     14 7 6 5               3
               6                       14 7 6               2
               7                         14 7               1
               8                         14 8               1
               9                       14 8 9               2
              10                    14 8 9 10               3
              11                      14 8 11               2
              12                        14 12               1
              13                        14 13               1
              15                     14 17 15               2
              16                     14 17 16               2
              17                        14 17               1
              18                        14 18               1
              19                        14 19               1
              20                     14 18 20               2
              21                     14 18 21               2
              22                     14 17 22               2
              23                     14 17 23               2

Shotest Path Routing for Node 15:
Destination Node                         Path       Path Cost
               0                    15 10 9 0               3
               1                  15 10 9 0 1               4
               2                  15 10 9 8 2               4
               3                15 10 9 8 2 3               5
               4              15 10 9 8 2 3 4               6
               5               15 17 14 7 6 5               5
               6                 15 17 14 7 6               4
               7                   15 17 14 7               3
               8                    15 10 9 8               3
               9                      15 10 9               2
              10                        15 10               1
              11                     15 10 11               2
              12                     15 17 12               2
              13                  15 17 12 13               3
              14                     15 17 14               2
              16                        15 16               1
              17                        15 17               1
              18                        15 18               1
              19                     15 18 19               2
              20                     15 18 20               2
              21                     15 18 21               2
              22                     15 17 22               2
              23                     15 16 23               2

Shotest Path Routing for Node 16:
Destination Node                         Path       Path Cost
               0                 16 17 11 8 0               4
               1               16 17 11 8 0 1               5
               2                 16 17 11 8 2               4
               3               16 17 11 8 2 3               5
               4             16 17 11 8 2 3 4               6
               5               16 17 14 7 6 5               5
               6                 16 17 14 7 6               4
               7                   16 17 14 7               3
               8                   16 17 11 8               3
               9                   16 15 10 9               3
              10                     16 15 10               2
              11                     16 17 11               2
              12                     16 17 12               2
              13                  16 17 12 13               3
              14                     16 17 14               2
              15                        16 15               1
              17                        16 17               1
              18                     16 15 18               2
              19                  16 17 14 19               3
              20                  16 15 18 20               3
              21                  16 15 18 21               3
              22                     16 17 22               2
              23                        16 23               1

Shotest Path Routing for Node 17:
Destination Node                         Path       Path Cost
               0                    17 11 8 0               3
               1                  17 11 8 0 1               4
               2                    17 11 8 2               3
               3                  17 11 8 2 3               4
               4                17 11 8 2 3 4               5
               5                  17 14 7 6 5               4
               6                    17 14 7 6               3
               7                      17 14 7               2
               8                      17 11 8               2
               9                      17 12 9               2
              10                     17 11 10               2
              11                        17 11               1
              12                        17 12               1
              13                     17 12 13               2
              14                        17 14               1
              15                        17 15               1
              16                        17 16               1
              18                        17 18               1
              19                     17 14 19               2
              20                     17 18 20               2
              21                     17 18 21               2
              22                        17 22               1
              23                        17 23               1

Shotest Path Routing for Node 18:
Destination Node                         Path       Path Cost
               0                    18 14 8 0               3
               1                  18 14 8 0 1               4
               2                    18 14 8 2               3
               3                  18 14 8 2 3               4
               4                18 14 8 2 3 4               5
               5                  18 14 7 6 5               4
               6                    18 14 7 6               3
               7                      18 14 7               2
               8                      18 14 8               2
               9                    18 14 8 9               3
              10                     18 15 10               2
              11                     18 17 11               2
              12                     18 14 12               2
              13                     18 14 13               2
              14                        18 14               1
              15                        18 15               1
              16                     18 15 16               2
              17                        18 17               1
              19                        18 19               1
              20                        18 20               1
              21                        18 21               1
              22                        18 22               1
              23                        18 23               1

Shotest Path Routing for Node 19:
Destination Node                         Path       Path Cost
               0                    19 14 8 0               3
               1                  19 14 8 0 1               4
               2                    19 14 8 2               3
               3                  19 14 8 2 3               4
               4                19 14 8 2 3 4               5
               5                  19 13 7 6 5               4
               6                    19 13 7 6               3
               7                      19 13 7               2
               8                      19 14 8               2
               9                    19 14 8 9               3
              10                  19 18 15 10               3
              11                   19 14 8 11               3
              12                     19 13 12               2
              13                        19 13               1
              14                        19 14               1
              15                     19 18 15               2
              16                  19 18 15 16               3
              17                     19 14 17               2
              18                        19 18               1
              20                        19 20               1
              21                     19 18 21               2
              22                     19 18 22               2
              23                     19 18 23               2

Shotest Path Routing for Node 20:
Destination Node                         Path       Path Cost
               0                 20 18 14 8 0               4
               1               20 18 14 8 0 1               5
               2                 20 18 14 8 2               4
               3               20 18 14 8 2 3               5
               4             20 18 14 8 2 3 4               6
               5               20 19 13 7 6 5               5
               6                 20 19 13 7 6               4
               7                   20 19 13 7               3
               8                   20 18 14 8               3
               9                 20 18 14 8 9               4
              10                  20 18 15 10               3
              11                  20 18 17 11               3
              12                  20 19 13 12               3
              13                     20 19 13               2
              14                     20 18 14               2
              15                     20 18 15               2
              16                  20 18 15 16               3
              17                     20 18 17               2
              18                        20 18               1
              19                        20 19               1
              21                        20 21               1
              22                     20 18 22               2
              23                     20 18 23               2

Shotest Path Routing for Node 21:
Destination Node                         Path       Path Cost
               0                 21 18 14 8 0               4
               1               21 18 14 8 0 1               5
               2                 21 18 14 8 2               4
               3               21 18 14 8 2 3               5
               4             21 18 14 8 2 3 4               6
               5               21 18 14 7 6 5               5
               6                 21 18 14 7 6               4
               7                   21 18 14 7               3
               8                   21 18 14 8               3
               9                 21 18 14 8 9               4
              10                  21 18 15 10               3
              11                  21 18 17 11               3
              12                  21 18 14 12               3
              13                  21 18 14 13               3
              14                     21 18 14               2
              15                     21 18 15               2
              16                  21 18 15 16               3
              17                     21 18 17               2
              18                        21 18               1
              19                     21 18 19               2
              20                        21 20               1
              22                        21 22               1
              23                     21 18 23               2

Shotest Path Routing for Node 22:
Destination Node                         Path       Path Cost
               0                 22 17 11 8 0               4
               1               22 17 11 8 0 1               5
               2                 22 17 11 8 2               4
               3               22 17 11 8 2 3               5
               4             22 17 11 8 2 3 4               6
               5               22 17 14 7 6 5               5
               6                 22 17 14 7 6               4
               7                   22 17 14 7               3
               8                   22 17 11 8               3
               9                   22 17 12 9               3
              10                  22 17 11 10               3
              11                     22 17 11               2
              12                     22 17 12               2
              13                  22 17 12 13               3
              14                     22 17 14               2
              15                     22 17 15               2
              16                     22 17 16               2
              17                        22 17               1
              18                        22 18               1
              19                     22 18 19               2
              20                     22 18 20               2
              21                        22 21               1
              23                        22 23               1

Shotest Path Routing for Node 23:
Destination Node                         Path       Path Cost
               0                 23 17 11 8 0               4
               1               23 17 11 8 0 1               5
               2                 23 17 11 8 2               4
               3               23 17 11 8 2 3               5
               4             23 17 11 8 2 3 4               6
               5               23 17 14 7 6 5               5
               6                 23 17 14 7 6               4
               7                   23 17 14 7               3
               8                   23 17 11 8               3
               9                   23 17 12 9               3
              10                  23 17 11 10               3
              11                     23 17 11               2
              12                     23 17 12               2
              13                  23 17 12 13               3
              14                     23 17 14               2
              15                     23 16 15               2
              16                        23 16               1
              17                        23 17               1
              18                        23 18               1
              19                     23 18 19               2
              20                     23 18 20               2
              21                     23 18 21               2
              22                        23 22               1



Second Shotest Path Routing for Node 0:
Destination Node                         Path       Path Cost
               1                      0 8 2 1               3
               2                        0 8 2               2
               3                0 8 7 6 5 4 3               6
               4                  0 8 7 6 5 4               5
               5                  0 1 2 3 4 5               5
               6                0 1 2 3 4 5 6               6
               7                  0 9 12 13 7               4
               8                        0 9 8               2
               9                        0 8 9               2
              10                    0 8 11 10               3
              11                    0 9 10 11               3
              12                       0 9 12               2
              13                    0 9 12 13               3
              14                    0 9 12 14               3
              15                 0 8 11 17 15               4
              16                 0 8 11 17 16               4
              17                    0 9 12 17               3
              18                 0 9 10 15 18               4
              19                 0 9 12 13 19               4
              20              0 9 12 13 19 20               5
              21              0 9 12 17 22 21               5
              22               0 9 8 14 18 22               5
              23              0 9 10 15 16 23               5

Second Shotest Path Routing for Node 1:
Destination Node                         Path       Path Cost
               0                      1 2 8 0               3
               2                      1 0 8 2               3
               3              1 0 8 7 6 5 4 3               7
               4                1 0 8 7 6 5 4               6
               5                  1 0 8 7 6 5               5
               6                  1 2 3 4 5 6               5
               7                   1 2 8 14 7               4
               8                        1 2 8               2
               9                      1 2 8 9               3
              10                  1 2 8 11 10               4
              11                  1 2 8 12 11               4
              12                   1 2 8 9 12               4
              13                  1 2 8 12 13               4
              14                   1 2 8 7 14               4
              15               1 2 8 11 17 15               5
              16               1 2 8 11 17 16               5
              17                  1 2 8 12 17               4
              18               1 2 8 11 17 18               5
              19                1 2 8 7 13 19               5
              20             1 2 8 7 13 19 20               6
              21            1 2 8 11 17 22 21               6
              22               1 2 8 14 18 22               5
              23               1 2 8 14 18 23               5

Second Shotest Path Routing for Node 2:
Destination Node                         Path       Path Cost
               0                        2 8 0               2
               1                      2 8 0 1               3
               3                2 8 7 6 5 4 3               6
               4                  2 8 7 6 5 4               5
               5                    2 8 7 6 5               4
               6                    2 3 4 5 6               4
               7                  2 3 4 5 6 7               5
               8                      2 1 0 8               3
               9                      2 1 0 9               3
              10                2 1 0 8 11 10               5
              11                2 1 0 9 10 11               5
              12                   2 1 0 9 12               4
              13                2 1 0 8 12 13               5
              14                 2 1 0 8 7 14               5
              15             2 1 0 8 11 17 15               6
              16             2 1 0 9 10 15 16               6
              17                2 1 0 8 12 17               5
              18             2 1 0 9 10 15 18               6
              19              2 1 0 8 7 13 19               6
              20           2 1 0 8 7 13 19 20               7
              21          2 1 0 8 11 17 22 21               7
              22             2 1 0 8 14 18 22               6
              23             2 1 0 8 14 18 23               6

Second Shotest Path Routing for Node 3:
Destination Node                         Path       Path Cost
               0                3 4 5 6 7 8 0               6
               1              3 4 5 6 7 8 0 1               7
               2                3 4 5 6 7 8 2               6
               4                3 2 8 7 6 5 4               6
               5                  3 2 8 7 6 5               5
               6                    3 2 8 7 6               4
               7                    3 4 5 6 7               4
               8                  3 4 5 6 7 8               5
               9              3 4 5 6 7 8 0 9               7
              10            3 4 5 6 7 8 11 10               7
              11            3 4 5 6 7 8 12 11               7
              12              3 4 5 6 7 13 12               6
              13              3 4 5 6 7 14 13               6
              14                 3 4 5 6 7 14               5
              15           3 4 5 6 7 14 17 15               7
              16        3 4 5 6 7 14 17 15 16               8
              17              3 4 5 6 7 14 17               6
              18           3 4 5 6 7 14 17 18               7
              19              3 4 5 6 7 13 19               6
              20           3 4 5 6 7 13 19 20               7
              21        3 4 5 6 7 13 19 20 21               8
              22           3 4 5 6 7 14 18 22               7
              23           3 4 5 6 7 14 18 23               7

Second Shotest Path Routing for Node 4:
Destination Node                         Path       Path Cost
               0                  4 5 6 7 8 0               5
               1                4 5 6 7 8 0 1               6
               2                  4 5 6 7 8 2               5
               3                4 5 6 7 8 2 3               6
               5                4 3 2 8 7 6 5               6
               6                  4 3 2 8 7 6               5
               7                    4 3 2 8 7               4
               8                    4 5 6 7 8               4
               9                4 5 6 7 8 0 9               6
              10              4 5 6 7 8 11 10               6
              11              4 5 6 7 8 12 11               6
              12                4 5 6 7 13 12               5
              13                4 3 2 8 12 13               5
              14                   4 3 2 8 14               4
              15             4 5 6 7 14 17 15               6
              16          4 5 6 7 14 17 15 16               7
              17                4 5 6 7 14 17               5
              18             4 3 2 8 11 17 18               6
              19                4 3 2 8 14 19               5
              20             4 3 2 8 14 19 20               6
              21          4 3 2 8 14 19 20 21               7
              22             4 5 6 7 14 18 22               6
              23             4 5 6 7 14 18 23               6

Second Shotest Path Routing for Node 5:
Destination Node                         Path       Path Cost
               0                  5 4 3 2 1 0               5
               1                  5 6 7 8 0 1               5
               2                    5 6 7 8 2               4
               3                  5 6 7 8 2 3               5
               4                5 6 7 8 2 3 4               6
               6                5 4 3 2 8 7 6               6
               7                  5 4 3 2 8 7               5
               8                    5 4 3 2 8               4
               9                5 4 3 2 1 0 9               6
              10              5 4 3 2 8 11 10               6
              11              5 4 3 2 8 12 11               6
              12               5 4 3 2 8 9 12               6
              13              5 4 3 2 8 12 13               6
              14                 5 4 3 2 8 14               5
              15            5 4 3 2 8 9 10 15               7
              16         5 4 3 2 8 9 10 15 16               8
              17              5 4 3 2 8 11 17               6
              18           5 4 3 2 8 11 17 18               7
              19              5 4 3 2 8 14 19               6
              20           5 4 3 2 8 14 19 20               7
              21        5 4 3 2 8 14 19 20 21               8
              22           5 4 3 2 8 14 18 22               7
              23           5 4 3 2 8 14 18 23               7

Second Shotest Path Routing for Node 6:
Destination Node                         Path       Path Cost
               0                6 5 4 3 2 1 0               6
               1                  6 5 4 3 2 1               5
               2                    6 5 4 3 2               4
               3                    6 7 8 2 3               4
               4                  6 7 8 2 3 4               5
               5                6 7 8 2 3 4 5               6
               7                6 5 4 3 2 8 7               6
               8                  6 5 4 3 2 8               5
               9              6 5 4 3 2 1 0 9               7
              10            6 5 4 3 2 8 11 10               7
              11            6 5 4 3 2 8 12 11               7
              12             6 5 4 3 2 8 9 12               7
              13            6 5 4 3 2 8 12 13               7
              14               6 5 4 3 2 8 14               6
              15          6 5 4 3 2 8 9 10 15               8
              16       6 5 4 3 2 8 9 10 15 16               9
              17            6 5 4 3 2 8 11 17               7
              18         6 5 4 3 2 8 11 17 18               8
              19            6 5 4 3 2 8 14 19               7
              20         6 5 4 3 2 8 14 19 20               8
              21      6 5 4 3 2 8 14 19 20 21               9
              22         6 5 4 3 2 8 14 18 22               8
              23         6 5 4 3 2 8 14 18 23               8

Second Shotest Path Routing for Node 7:
Destination Node                         Path       Path Cost
               0                   7 14 8 9 0               4
               1                   7 14 8 2 1               4
               2                 7 14 8 0 1 2               5
               3                    7 6 5 4 3               4
               4                    7 8 2 3 4               4
               5                  7 8 2 3 4 5               5
               6                7 8 2 3 4 5 6               6
               8                       7 14 8               2
               9                    7 13 12 9               3
              10                 7 14 8 11 10               4
              11                   7 13 12 11               3
              12                      7 13 12               2
              13                      7 14 13               2
              14                       7 8 14               2
              15                  7 8 9 10 15               4
              16               7 8 9 10 15 16               5
              17                    7 8 11 17               3
              18                   7 13 19 18               3
              19                      7 14 19               2
              20                   7 13 19 20               3
              21                7 13 19 20 21               4
              22                 7 8 14 18 22               4
              23                 7 8 14 18 23               4

Second Shotest Path Routing for Node 8:
Destination Node                         Path       Path Cost
               0                        8 9 0               2
               1                        8 2 1               2
               2                      8 0 1 2               3
               3                  8 7 6 5 4 3               5
               4                    8 7 6 5 4               4
               5                    8 2 3 4 5               4
               6                  8 2 3 4 5 6               5
               7                       8 14 7               2
               9                        8 0 9               2
              10                      8 11 10               2
              11                      8 12 11               2
              12                       8 9 12               2
              13                      8 12 13               2
              14                       8 7 14               2
              15                   8 11 17 15               3
              16                 8 9 10 15 16               4
              17                      8 12 17               2
              18                   8 11 17 18               3
              19                    8 7 13 19               3
              20                 8 7 13 19 20               4
              21                8 11 17 22 21               4
              22                   8 14 18 22               3
              23                   8 14 18 23               3

Second Shotest Path Routing for Node 9:
Destination Node                         Path       Path Cost
               0                        9 8 0               2
               1                      9 8 2 1               3
               2                      9 0 1 2               3
               3              9 0 8 7 6 5 4 3               7
               4                9 0 8 7 6 5 4               6
               5                9 0 1 2 3 4 5               6
               6              9 0 1 2 3 4 5 6               7
               7                    9 12 13 7               3
               8                        9 0 8               2
              10                    9 8 11 10               3
              11                      9 10 11               2
              12                       9 8 12               2
              13                     9 8 7 13               3
              14                      9 12 14               2
              15                   9 12 17 15               3
              16                   9 12 17 16               3
              17                    9 8 11 17               3
              18                   9 10 15 18               3
              19                    9 8 14 19               3
              20                9 12 13 19 20               4
              21                9 12 17 22 21               4
              22                 9 8 14 18 22               4
              23                9 10 15 16 23               4

Second Shotest Path Routing for Node 10:
Destination Node                         Path       Path Cost
               0                    10 11 8 0               3
               1                  10 11 8 2 1               4
               2                10 11 8 0 1 2               5
               3            10 11 8 7 6 5 4 3               7
               4              10 11 8 7 6 5 4               6
               5              10 11 8 2 3 4 5               6
               6            10 11 8 2 3 4 5 6               7
               7                10 11 12 13 7               4
               8                      10 11 8               2
               9                    10 11 8 9               3
              11                    10 9 8 11               3
              12                     10 11 12               2
              13                 10 11 8 7 13               4
              14                  10 11 12 14               3
              15                  10 11 17 15               3
              16                  10 11 17 16               3
              17                     10 15 17               2
              18                  10 11 17 18               3
              19                10 9 12 13 19               4
              20             10 9 12 13 19 20               5
              21               10 11 17 22 21               4
              22                  10 15 18 22               3
              23                  10 11 17 23               3

Second Shotest Path Routing for Node 11:
Destination Node                         Path       Path Cost
               0                    11 10 9 0               3
               1                  11 12 8 2 1               4
               2                11 12 8 0 1 2               5
               3            11 12 8 7 6 5 4 3               7
               4              11 12 8 7 6 5 4               6
               5              11 12 8 2 3 4 5               6
               6            11 12 8 2 3 4 5 6               7
               7                   11 12 13 7               3
               8                      11 12 8               2
               9                      11 10 9               2
              10                    11 8 9 10               3
              12                      11 8 12               2
              13                    11 8 7 13               3
              14                     11 12 14               2
              15                     11 17 15               2
              16                  11 10 15 16               3
              17                     11 12 17               2
              18                   11 8 14 18               3
              19                   11 8 14 19               3
              20               11 12 13 19 20               4
              21               11 12 17 22 21               4
              22                11 8 14 18 22               4
              23               11 10 15 16 23               4

Second Shotest Path Routing for Node 12:
Destination Node                         Path       Path Cost
               0                       12 9 0               2
               1                   12 9 8 2 1               4
               2                   12 9 0 1 2               4
               3              12 13 7 6 5 4 3               6
               4                12 13 7 6 5 4               5
               5               12 9 8 2 3 4 5               6
               6             12 9 8 2 3 4 5 6               7
               7                      12 13 7               2
               8                       12 9 8               2
               9                       12 8 9               2
              10                     12 11 10               2
              11                      12 8 11               2
              13                     12 14 13               2
              14                      12 8 14               2
              15                   12 9 10 15               3
              16                12 9 10 15 16               4
              17                     12 11 17               2
              18                     12 17 18               2
              19                     12 14 19               2
              20                  12 13 19 20               3
              21                  12 17 22 21               3
              22                  12 14 18 22               3
              23                  12 14 18 23               3

Second Shotest Path Routing for Node 13:
Destination Node                         Path       Path Cost
               0                    13 12 9 0               3
               1                  13 12 8 2 1               4
               2                13 12 8 0 1 2               5
               3              13 14 7 6 5 4 3               6
               4                13 12 8 2 3 4               5
               5              13 12 8 2 3 4 5               6
               6            13 12 8 2 3 4 5 6               7
               7                      13 14 7               2
               8                      13 12 8               2
               9                     13 7 8 9               3
              10                 13 7 8 11 10               4
              11                    13 7 8 11               3
              12                     13 14 12               2
              14                      13 7 14               2
              15                  13 14 18 15               3
              16               13 14 17 15 16               4
              17                     13 14 17               2
              18                     13 19 18               2
              19                     13 14 19               2
              20                  13 14 18 20               3
              21                  13 19 20 21               3
              22                  13 14 18 22               3
              23                  13 14 18 23               3

Second Shotest Path Routing for Node 14:
Destination Node                         Path       Path Cost
               0                    14 12 9 0               3
               1                   14 7 8 2 1               4
               2                 14 7 8 0 1 2               5
               3                 14 7 6 5 4 3               5
               4                   14 7 6 5 4               4
               5                 14 8 2 3 4 5               5
               6               14 8 2 3 4 5 6               6
               7                       14 8 7               2
               8                       14 7 8               2
               9                      14 12 9               2
              10                  14 12 11 10               3
              11                     14 12 11               2
              12                      14 8 12               2
              13                      14 7 13               2
              15                     14 18 15               2
              16                  14 18 15 16               3
              17                     14 12 17               2
              18                     14 17 18               2
              19                     14 13 19               2
              20                     14 19 20               2
              21                  14 19 20 21               3
              22                     14 18 22               2
              23                     14 18 23               2

Second Shotest Path Routing for Node 15:
Destination Node                         Path       Path Cost
               0                 15 17 11 8 0               4
               1               15 17 11 8 2 1               5
               2             15 17 11 8 0 1 2               6
               3           15 17 14 7 6 5 4 3               7
               4             15 17 14 7 6 5 4               6
               5            15 10 9 8 2 3 4 5               7
               6          15 10 9 8 2 3 4 5 6               8
               7                  15 10 9 8 7               4
               8                   15 17 11 8               3
               9                   15 17 12 9               3
              10                  15 17 11 10               3
              11                     15 17 11               2
              12                   15 10 9 12               3
              13                  15 18 14 13               3
              14                     15 18 14               2
              16                     15 17 16               2
              17                     15 16 17               2
              18                     15 17 18               2
              19                  15 17 14 19               3
              20               15 17 14 19 20               4
              21                  15 17 22 21               3
              22                     15 18 22               2
              23                     15 17 23               2

Second Shotest Path Routing for Node 16:
Destination Node                         Path       Path Cost
               0                 16 15 10 9 0               4
               1             16 15 10 9 8 2 1               6
               2             16 15 10 9 0 1 2               6
               3        16 15 17 14 7 6 5 4 3               8
               4          16 15 17 14 7 6 5 4               7
               5         16 15 10 9 8 2 3 4 5               8
               6       16 15 10 9 8 2 3 4 5 6               9
               7               16 15 10 9 8 7               5
               8                 16 15 10 9 8               4
               9                   16 17 12 9               3
              10                  16 17 11 10               3
              11                  16 15 10 11               3
              12                16 15 10 9 12               4
              13               16 15 17 14 13               4
              14                  16 15 18 14               3
              15                     16 17 15               2
              17                     16 15 17               2
              18                     16 17 18               2
              19                  16 15 18 19               3
              20               16 17 14 19 20               4
              21                  16 17 22 21               3
              22                     16 23 22               2
              23                     16 17 23               2

Second Shotest Path Routing for Node 17:
Destination Node                         Path       Path Cost
               0                    17 12 9 0               3
               1                  17 12 8 2 1               4
               2                17 12 8 0 1 2               5
               3              17 14 7 6 5 4 3               6
               4                17 14 7 6 5 4               5
               5              17 11 8 2 3 4 5               6
               6            17 11 8 2 3 4 5 6               7
               7                    17 11 8 7               3
               8                      17 12 8               2
               9                    17 11 8 9               3
              10                     17 15 10               2
              11                     17 12 11               2
              12                     17 11 12               2
              13                     17 14 13               2
              14                     17 12 14               2
              15                     17 16 15               2
              16                     17 15 16               2
              18                     17 14 18               2
              19                     17 18 19               2
              20                  17 14 19 20               3
              21                     17 22 21               2
              22                     17 18 22               2
              23                     17 16 23               2

Second Shotest Path Routing for Node 18:
Destination Node                         Path       Path Cost
               0                 18 15 10 9 0               4
               1               18 17 11 8 2 1               5
               2             18 17 11 8 0 1 2               6
               3           18 19 13 7 6 5 4 3               7
               4             18 19 13 7 6 5 4               6
               5           18 17 11 8 2 3 4 5               7
               6         18 17 11 8 2 3 4 5 6               8
               7                   18 19 13 7               3
               8                   18 17 11 8               3
               9                   18 15 10 9               3
              10                  18 17 11 10               3
              11                   18 14 8 11               3
              12                     18 17 12               2
              13                     18 19 13               2
              14                     18 17 14               2
              15                     18 17 15               2
              16                     18 17 16               2
              17                     18 14 17               2
              19                     18 14 19               2
              20                     18 19 20               2
              21                     18 20 21               2
              22                     18 17 22               2
              23                     18 17 23               2

Second Shotest Path Routing for Node 19:
Destination Node                         Path       Path Cost
               0                 19 13 12 9 0               4
               1                19 13 7 8 2 1               5
               2              19 13 7 8 0 1 2               6
               3              19 13 7 6 5 4 3               6
               4                19 13 7 6 5 4               5
               5              19 14 8 2 3 4 5               6
               6            19 14 8 2 3 4 5 6               7
               7                      19 14 7               2
               8                    19 13 7 8               3
               9                   19 13 12 9               3
              10                 19 14 8 9 10               4
              11                  19 13 12 11               3
              12                     19 14 12               2
              13                     19 14 13               2
              14                     19 13 14               2
              15                  19 14 17 15               3
              16                  19 14 17 16               3
              17                     19 18 17               2
              18                     19 14 18               2
              20                     19 18 20               2
              21                     19 20 21               2
              22                  19 14 17 22               3
              23                  19 14 17 23               3

Second Shotest Path Routing for Node 20:
Destination Node                         Path       Path Cost
               0              20 19 13 12 9 0               5
               1             20 19 13 7 8 2 1               6
               2           20 19 13 7 8 0 1 2               7
               3           20 19 13 7 6 5 4 3               7
               4             20 19 13 7 6 5 4               6
               5           20 18 14 8 2 3 4 5               7
               6         20 18 14 8 2 3 4 5 6               8
               7                   20 18 14 7               3
               8                 20 19 13 7 8               4
               9                20 19 13 12 9               4
              10              20 19 14 8 9 10               5
              11                20 19 14 8 11               4
              12                  20 18 14 12               3
              13                  20 18 14 13               3
              14                     20 19 14               2
              15               20 19 14 17 15               4
              16               20 19 14 17 16               4
              17                  20 19 14 17               3
              18                     20 19 18               2
              19                     20 18 19               2
              21                     20 18 21               2
              22                     20 21 22               2
              23                  20 21 22 23               3

Second Shotest Path Routing for Node 21:
Destination Node                         Path       Path Cost
               0              21 22 17 12 9 0               5
               1            21 22 17 11 8 2 1               6
               2          21 22 17 11 8 0 1 2               7
               3        21 20 19 13 7 6 5 4 3               8
               4          21 20 19 13 7 6 5 4               7
               5        21 22 17 11 8 2 3 4 5               8
               6      21 22 17 11 8 2 3 4 5 6               9
               7                21 20 19 13 7               4
               8                21 22 17 11 8               4
               9                21 22 17 12 9               4
              10               21 22 17 11 10               4
              11               21 22 17 12 11               4
              12                  21 22 17 12               3
              13                  21 20 19 13               3
              14                  21 22 17 14               3
              15                  21 22 17 15               3
              16                  21 22 17 16               3
              17                     21 22 17               2
              18                     21 20 18               2
              19                     21 20 19               2
              20                     21 18 20               2
              22                     21 18 22               2
              23                     21 22 23               2

Second Shotest Path Routing for Node 22:
Destination Node                         Path       Path Cost
               0               22 18 14 8 9 0               5
               1               22 18 14 8 2 1               5
               2             22 18 14 8 0 1 2               6
               3           22 18 14 7 6 5 4 3               7
               4             22 18 14 7 6 5 4               6
               5           22 18 14 8 2 3 4 5               7
               6         22 18 14 8 2 3 4 5 6               8
               7                 22 18 14 8 7               4
               8                   22 18 14 8               3
               9                 22 18 14 8 9               4
              10                  22 18 15 10               3
              11                22 18 14 8 11               4
              12                  22 18 14 12               3
              13                  22 18 14 13               3
              14                     22 18 14               2
              15                     22 18 15               2
              16                     22 23 16               2
              17                     22 18 17               2
              18                     22 17 18               2
              19                  22 17 14 19               3
              20                     22 21 20               2
              21                     22 18 21               2
              23                     22 17 23               2

Second Shotest Path Routing for Node 23:
Destination Node                         Path       Path Cost
               0               23 18 14 8 9 0               5
               1               23 18 14 8 2 1               5
               2             23 18 14 8 0 1 2               6
               3           23 18 14 7 6 5 4 3               7
               4             23 18 14 7 6 5 4               6
               5           23 18 14 8 2 3 4 5               7
               6         23 18 14 8 2 3 4 5 6               8
               7                 23 18 14 8 7               4
               8                   23 18 14 8               3
               9                 23 18 14 8 9               4
              10                  23 16 15 10               3
              11                23 18 14 8 11               4
              12                  23 18 14 12               3
              13                  23 18 14 13               3
              14                     23 18 14               2
              15                     23 17 15               2
              16                     23 17 16               2
              17                     23 16 17               2
              18                     23 17 18               2
              19                  23 17 14 19               3
              20                  23 22 21 20               3
              21                     23 22 21               2
              22                     23 17 22               2

