Routing Table for All Nodes
Shotest Path Routing for Node 0:
Destination Node                         Path       Path Cost
               1                          0 1               2
               2                        0 1 2               8
               3                      0 1 2 3              15
               4                    0 1 2 3 4              18
               5                    0 8 7 6 5              17
               6                      0 8 7 6              14
               7                        0 8 7              10
               8                          0 8               4
               9                          0 9               5
              10                       0 9 10              12
              11                    0 8 12 11              12
              12                       0 8 12               6
              13                    0 8 12 13              10
              14                       0 8 14              10
              15                 0 8 12 17 15              17
              16                 0 8 12 17 16              12
              17                    0 8 12 17               9
              18                 0 8 12 17 18              14
              19                 0 8 12 13 19              15
              20              0 8 12 13 19 20              17
              21              0 8 12 17 18 21              15
              22                 0 8 12 17 22              12
              23                 0 8 12 17 23              14

Shotest Path Routing for Node 1:
Destination Node                         Path       Path Cost
               0                          1 0               2
               2                          1 2               6
               3                        1 2 3              13
               4                      1 2 3 4              16
               5                    1 2 3 4 5              17
               6                    1 0 8 7 6              16
               7                      1 0 8 7              12
               8                        1 0 8               6
               9                        1 0 9               7
              10                     1 0 9 10              14
              11                  1 0 8 12 11              14
              12                     1 0 8 12               8
              13                  1 0 8 12 13              12
              14                     1 0 8 14              12
              15               1 0 8 12 17 15              19
              16               1 0 8 12 17 16              14
              17                  1 0 8 12 17              11
              18               1 0 8 12 17 18              16
              19               1 0 8 12 13 19              17
              20            1 0 8 12 13 19 20              19
              21            1 0 8 12 17 18 21              17
              22               1 0 8 12 17 22              14
              23               1 0 8 12 17 23              16

Shotest Path Routing for Node 2:
Destination Node                         Path       Path Cost
               0                        2 1 0               8
               1                          2 1               6
               3                          2 3               7
               4                        2 3 4              10
               5                      2 3 4 5              11
               6                    2 3 4 5 6              14
               7                        2 8 7              11
               8                          2 8               5
               9                     2 8 12 9              10
              10                  2 8 12 9 10              17
              11                    2 8 12 11              13
              12                       2 8 12               7
              13                    2 8 12 13              11
              14                       2 8 14              11
              15                 2 8 12 17 15              18
              16                 2 8 12 17 16              13
              17                    2 8 12 17              10
              18                 2 8 12 17 18              15
              19                 2 8 12 13 19              16
              20              2 8 12 13 19 20              18
              21              2 8 12 17 18 21              16
              22                 2 8 12 17 22              13
              23                 2 8 12 17 23              15

Shotest Path Routing for Node 3:
Destination Node                         Path       Path Cost
               0                      3 2 1 0              15
               1                        3 2 1              13
               2                          3 2               7
               4                          3 4               3
               5                        3 4 5               4
               6                      3 4 5 6               7
               7                    3 4 5 6 7              11
               8                        3 2 8              12
               9                   3 2 8 12 9              17
              10                3 2 8 12 9 10              24
              11                  3 2 8 12 11              20
              12                     3 2 8 12              14
              13                 3 4 5 6 7 13              18
              14                     3 2 8 14              18
              15               3 2 8 12 17 15              25
              16               3 2 8 12 17 16              20
              17                  3 2 8 12 17              17
              18               3 2 8 12 17 18              22
              19              3 4 5 6 7 13 19              23
              20           3 4 5 6 7 13 19 20              25
              21            3 2 8 12 17 18 21              23
              22               3 2 8 12 17 22              20
              23               3 2 8 12 17 23              22

Shotest Path Routing for Node 4:
Destination Node                         Path       Path Cost
               0                  4 5 6 7 8 0              18
               1                      4 3 2 1              16
               2                        4 3 2              10
               3                          4 3               3
               5                          4 5               1
               6                        4 5 6               4
               7                      4 5 6 7               8
               8                    4 5 6 7 8              14
               9               4 5 6 7 8 12 9              19
              10            4 5 6 7 8 12 9 10              26
              11              4 5 6 7 8 12 11              22
              12                 4 5 6 7 8 12              16
              13                   4 5 6 7 13              15
              14                   4 5 6 7 14              16
              15           4 5 6 7 8 12 17 15              27
              16           4 5 6 7 8 12 17 16              22
              17              4 5 6 7 8 12 17              19
              18                4 5 6 7 14 18              22
              19                4 5 6 7 13 19              20
              20             4 5 6 7 13 19 20              22
              21             4 5 6 7 14 18 21              23
              22           4 5 6 7 8 12 17 22              22
              23             4 5 6 7 14 18 23              23

Shotest Path Routing for Node 5:
Destination Node                         Path       Path Cost
               0                    5 6 7 8 0              17
               1                    5 4 3 2 1              17
               2                      5 4 3 2              11
               3                        5 4 3               4
               4                          5 4               1
               6                          5 6               3
               7                        5 6 7               7
               8                      5 6 7 8              13
               9                 5 6 7 8 12 9              18
              10              5 6 7 8 12 9 10              25
              11                5 6 7 8 12 11              21
              12                   5 6 7 8 12              15
              13                     5 6 7 13              14
              14                     5 6 7 14              15
              15             5 6 7 8 12 17 15              26
              16             5 6 7 8 12 17 16              21
              17                5 6 7 8 12 17              18
              18                  5 6 7 14 18              21
              19                  5 6 7 13 19              19
              20               5 6 7 13 19 20              21
              21               5 6 7 14 18 21              22
              22             5 6 7 8 12 17 22              21
              23               5 6 7 14 18 23              22

Shotest Path Routing for Node 6:
Destination Node                         Path       Path Cost
               0                      6 7 8 0              14
               1                    6 7 8 0 1              16
               2                    6 5 4 3 2              14
               3                      6 5 4 3               7
               4                        6 5 4               4
               5                          6 5               3
               7                          6 7               4
               8                        6 7 8              10
               9                   6 7 8 12 9              15
              10                6 7 8 12 9 10              22
              11                  6 7 8 12 11              18
              12                     6 7 8 12              12
              13                       6 7 13              11
              14                       6 7 14              12
              15               6 7 8 12 17 15              23
              16               6 7 8 12 17 16              18
              17                  6 7 8 12 17              15
              18                    6 7 14 18              18
              19                    6 7 13 19              16
              20                 6 7 13 19 20              18
              21                 6 7 14 18 21              19
              22               6 7 8 12 17 22              18
              23                 6 7 14 18 23              19

Shotest Path Routing for Node 7:
Destination Node                         Path       Path Cost
               0                        7 8 0              10
               1                      7 8 0 1              12
               2                        7 8 2              11
               3                    7 6 5 4 3              11
               4                      7 6 5 4               8
               5                        7 6 5               7
               6                          7 6               4
               8                          7 8               6
               9                     7 8 12 9              11
              10                  7 8 12 9 10              18
              11                    7 8 12 11              14
              12                       7 8 12               8
              13                         7 13               7
              14                         7 14               8
              15                 7 8 12 17 15              19
              16                 7 8 12 17 16              14
              17                    7 8 12 17              11
              18                      7 14 18              14
              19                      7 13 19              12
              20                   7 13 19 20              14
              21                   7 14 18 21              15
              22                 7 8 12 17 22              14
              23                   7 14 18 23              15

Shotest Path Routing for Node 8:
Destination Node                         Path       Path Cost
               0                          8 0               4
               1                        8 0 1               6
               2                          8 2               5
               3                        8 2 3              12
               4                    8 7 6 5 4              14
               5                      8 7 6 5              13
               6                        8 7 6              10
               7                          8 7               6
               9                       8 12 9               5
              10                    8 12 9 10              12
              11                      8 12 11               8
              12                         8 12               2
              13                      8 12 13               6
              14                         8 14               6
              15                   8 12 17 15              13
              16                   8 12 17 16               8
              17                      8 12 17               5
              18                   8 12 17 18              10
              19                   8 12 13 19              11
              20                8 12 13 19 20              13
              21                8 12 17 18 21              11
              22                   8 12 17 22               8
              23                   8 12 17 23              10

Shotest Path Routing for Node 9:
Destination Node                         Path       Path Cost
               0                          9 0               5
               1                        9 0 1               7
               2                     9 12 8 2              10
               3                   9 12 8 2 3              17
               4               9 12 8 7 6 5 4              19
               5                 9 12 8 7 6 5              18
               6                   9 12 8 7 6              15
               7                     9 12 8 7              11
               8                       9 12 8               5
              10                         9 10               7
              11                      9 12 11               9
              12                         9 12               3
              13                      9 12 13               7
              14                      9 12 14               9
              15                      9 10 15              13
              16                   9 12 17 16               9
              17                      9 12 17               6
              18                   9 12 17 18              11
              19                   9 12 13 19              12
              20                9 12 13 19 20              14
              21                9 12 17 18 21              12
              22                   9 12 17 22               9
              23                   9 12 17 23              11

Shotest Path Routing for Node 10:
Destination Node                         Path       Path Cost
               0                       10 9 0              12
               1                     10 9 0 1              14
               2                  10 9 12 8 2              17
               3                10 9 12 8 2 3              24
               4            10 9 12 8 7 6 5 4              26
               5              10 9 12 8 7 6 5              25
               6                10 9 12 8 7 6              22
               7                  10 9 12 8 7              18
               8                    10 9 12 8              12
               9                         10 9               7
              11                        10 11               6
              12                      10 9 12              10
              13                   10 9 12 13              14
              14                   10 9 12 14              16
              15                        10 15               6
              16                     10 15 16              15
              17                     10 11 17              13
              18                     10 15 18              13
              19                  10 15 18 19              18
              20                  10 15 18 20              19
              21                  10 15 18 21              14
              22                  10 15 18 22              15
              23                  10 15 18 23              14

Shotest Path Routing for Node 11:
Destination Node                         Path       Path Cost
               0                    11 12 8 0              12
               1                  11 12 8 0 1              14
               2                    11 12 8 2              13
               3                  11 12 8 2 3              20
               4              11 12 8 7 6 5 4              22
               5                11 12 8 7 6 5              21
               6                  11 12 8 7 6              18
               7                    11 12 8 7              14
               8                      11 12 8               8
               9                      11 12 9               9
              10                        11 10               6
              12                        11 12               6
              13                     11 12 13              10
              14                     11 12 14              12
              15                     11 10 15              12
              16                     11 17 16              10
              17                        11 17               7
              18                     11 17 18              12
              19                  11 12 13 19              15
              20               11 12 13 19 20              17
              21                  11 17 18 21              13
              22                     11 17 22              10
              23                     11 17 23              12

Shotest Path Routing for Node 12:
Destination Node                         Path       Path Cost
               0                       12 8 0               6
               1                     12 8 0 1               8
               2                       12 8 2               7
               3                     12 8 2 3              14
               4                 12 8 7 6 5 4              16
               5                   12 8 7 6 5              15
               6                     12 8 7 6              12
               7                       12 8 7               8
               8                         12 8               2
               9                         12 9               3
              10                      12 9 10              10
              11                        12 11               6
              13                        12 13               4
              14                        12 14               6
              15                     12 17 15              11
              16                     12 17 16               6
              17                        12 17               3
              18                     12 17 18               8
              19                     12 13 19               9
              20                  12 13 19 20              11
              21                  12 17 18 21               9
              22                     12 17 22               6
              23                     12 17 23               8

Shotest Path Routing for Node 13:
Destination Node                         Path       Path Cost
               0                    13 12 8 0              10
               1                  13 12 8 0 1              12
               2                    13 12 8 2              11
               3                  13 12 8 2 3              18
               4                   13 7 6 5 4              15
               5                     13 7 6 5              14
               6                       13 7 6              11
               7                         13 7               7
               8                      13 12 8               6
               9                      13 12 9               7
              10                   13 12 9 10              14
              11                     13 12 11              10
              12                        13 12               4
              14                        13 14               2
              15                  13 12 17 15              15
              16                  13 12 17 16              10
              17                     13 12 17               7
              18                     13 14 18               8
              19                        13 19               5
              20                     13 19 20               7
              21                  13 14 18 21               9
              22                  13 12 17 22              10
              23                  13 14 18 23               9

Shotest Path Routing for Node 14:
Destination Node                         Path       Path Cost
               0                       14 8 0              10
               1                     14 8 0 1              12
               2                       14 8 2              11
               3                     14 8 2 3              18
               4                   14 7 6 5 4              16
               5                     14 7 6 5              15
               6                       14 7 6              12
               7                         14 7               8
               8                         14 8               6
               9                      14 12 9               9
              10                   14 12 9 10              16
              11                     14 12 11              12
              12                        14 12               6
              13                        14 13               2
              15                     14 18 15              13
              16                     14 17 16               9
              17                        14 17               6
              18                        14 18               6
              19                     14 13 19               7
              20                  14 13 19 20               9
              21                     14 18 21               7
              22                     14 18 22               8
              23                     14 18 23               7

Shotest Path Routing for Node 15:
Destination Node                         Path       Path Cost
               0                 15 17 12 8 0              17
               1               15 17 12 8 0 1              19
               2                 15 17 12 8 2              18
               3               15 17 12 8 2 3              25
               4           15 17 12 8 7 6 5 4              27
               5             15 17 12 8 7 6 5              26
               6               15 17 12 8 7 6              23
               7                 15 17 12 8 7              19
               8                   15 17 12 8              13
               9                      15 10 9              13
              10                        15 10               6
              11                     15 10 11              12
              12                     15 17 12              11
              13                  15 17 12 13              15
              14                     15 18 14              13
              16                        15 16               9
              17                        15 17               8
              18                        15 18               7
              19                     15 18 19              12
              20                     15 18 20              13
              21                     15 18 21               8
              22                     15 18 22               9
              23                     15 18 23               8

Shotest Path Routing for Node 16:
Destination Node                         Path       Path Cost
               0                 16 17 12 8 0              12
               1               16 17 12 8 0 1              14
               2                 16 17 12 8 2              13
               3               16 17 12 8 2 3              20
               4           16 17 12 8 7 6 5 4              22
               5             16 17 12 8 7 6 5              21
               6               16 17 12 8 7 6              18
               7                 16 17 12 8 7              14
               8                   16 17 12 8               8
               9                   16 17 12 9               9
              10                     16 15 10              15
              11                     16 17 11              10
              12                     16 17 12               6
              13                  16 17 12 13              10
              14                     16 17 14               9
              15                        16 15               9
              17                        16 17               3
              18                     16 23 18               5
              19                  16 23 18 19              10
              20                  16 23 18 20              11
              21                  16 23 18 21               6
              22                     16 17 22               6
              23                        16 23               4

Shotest Path Routing for Node 17:
Destination Node                         Path       Path Cost
               0                    17 12 8 0               9
               1                  17 12 8 0 1              11
               2                    17 12 8 2              10
               3                  17 12 8 2 3              17
               4              17 12 8 7 6 5 4              19
               5                17 12 8 7 6 5              18
               6                  17 12 8 7 6              15
               7                    17 12 8 7              11
               8                      17 12 8               5
               9                      17 12 9               6
              10                   17 12 9 10              13
              11                        17 11               7
              12                        17 12               3
              13                     17 12 13               7
              14                        17 14               6
              15                        17 15               8
              16                        17 16               3
              18                        17 18               5
              19                     17 18 19              10
              20                     17 18 20              11
              21                     17 18 21               6
              22                        17 22               3
              23                        17 23               5

Shotest Path Routing for Node 18:
Destination Node                         Path       Path Cost
               0                 18 17 12 8 0              14
               1               18 17 12 8 0 1              16
               2                 18 17 12 8 2              15
               3               18 17 12 8 2 3              22
               4                18 14 7 6 5 4              22
               5                  18 14 7 6 5              21
               6                    18 14 7 6              18
               7                      18 14 7              14
               8                   18 17 12 8              10
               9                   18 17 12 9              11
              10                     18 15 10              13
              11                     18 17 11              12
              12                     18 17 12               8
              13                     18 14 13               8
              14                        18 14               6
              15                        18 15               7
              16                     18 23 16               5
              17                        18 17               5
              19                        18 19               5
              20                        18 20               6
              21                        18 21               1
              22                        18 22               2
              23                        18 23               1

Shotest Path Routing for Node 19:
Destination Node                         Path       Path Cost
               0                 19 13 12 8 0              15
               1               19 13 12 8 0 1              17
               2                 19 13 12 8 2              16
               3               19 13 12 8 2 3              23
               4                19 13 7 6 5 4              20
               5                  19 13 7 6 5              19
               6                    19 13 7 6              16
               7                      19 13 7              12
               8                   19 13 12 8              11
               9                   19 13 12 9              12
              10                  19 18 15 10              18
              11                  19 13 12 11              15
              12                     19 13 12               9
              13                        19 13               5
              14                     19 13 14               7
              15                     19 18 15              12
              16                  19 18 23 16              10
              17                     19 18 17              10
              18                        19 18               5
              20                        19 20               2
              21                     19 18 21               6
              22                     19 18 22               7
              23                     19 18 23               6

Shotest Path Routing for Node 20:
Destination Node                         Path       Path Cost
               0              20 19 13 12 8 0              17
               1            20 19 13 12 8 0 1              19
               2              20 19 13 12 8 2              18
               3            20 19 13 12 8 2 3              25
               4             20 19 13 7 6 5 4              22
               5               20 19 13 7 6 5              21
               6                 20 19 13 7 6              18
               7                   20 19 13 7              14
               8                20 19 13 12 8              13
               9                20 19 13 12 9              14
              10                  20 18 15 10              19
              11               20 19 13 12 11              17
              12                  20 19 13 12              11
              13                     20 19 13               7
              14                  20 19 13 14               9
              15                     20 18 15              13
              16                  20 18 23 16              11
              17                     20 18 17              11
              18                        20 18               6
              19                        20 19               2
              21                        20 21               5
              22                     20 18 22               8
              23                     20 18 23               7

Shotest Path Routing for Node 21:
Destination Node                         Path       Path Cost
               0              21 18 17 12 8 0              15
               1            21 18 17 12 8 0 1              17
               2              21 18 17 12 8 2              16
               3            21 18 17 12 8 2 3              23
               4             21 18 14 7 6 5 4              23
               5               21 18 14 7 6 5              22
               6                 21 18 14 7 6              19
               7                   21 18 14 7              15
               8                21 18 17 12 8              11
               9                21 18 17 12 9              12
              10                  21 18 15 10              14
              11                  21 18 17 11              13
              12                  21 18 17 12               9
              13                  21 18 14 13               9
              14                     21 18 14               7
              15                     21 18 15               8
              16                  21 18 23 16               6
              17                     21 18 17               6
              18                        21 18               1
              19                     21 18 19               6
              20                        21 20               5
              22                     21 18 22               3
              23                     21 18 23               2

Shotest Path Routing for Node 22:
Destination Node                         Path       Path Cost
               0                 22 17 12 8 0              12
               1               22 17 12 8 0 1              14
               2                 22 17 12 8 2              13
               3               22 17 12 8 2 3              20
               4           22 17 12 8 7 6 5 4              22
               5             22 17 12 8 7 6 5              21
               6               22 17 12 8 7 6              18
               7                 22 17 12 8 7              14
               8                   22 17 12 8               8
               9                   22 17 12 9               9
              10                  22 18 15 10              15
              11                     22 17 11              10
              12                     22 17 12               6
              13                  22 17 12 13              10
              14                     22 18 14               8
              15                     22 18 15               9
              16                     22 17 16               6
              17                        22 17               3
              18                        22 18               2
              19                     22 18 19               7
              20                     22 18 20               8
              21                     22 18 21               3
              23                     22 18 23               3

Shotest Path Routing for Node 23:
Destination Node                         Path       Path Cost
               0                 23 17 12 8 0              14
               1               23 17 12 8 0 1              16
               2                 23 17 12 8 2              15
               3               23 17 12 8 2 3              22
               4             23 18 14 7 6 5 4              23
               5               23 18 14 7 6 5              22
               6                 23 18 14 7 6              19
               7                   23 18 14 7              15
               8                   23 17 12 8              10
               9                   23 17 12 9              11
              10                  23 18 15 10              14
              11                     23 17 11              12
              12                     23 17 12               8
              13                  23 18 14 13               9
              14                     23 18 14               7
              15                     23 18 15               8
              16                        23 16               4
              17                        23 17               5
              18                        23 18               1
              19                     23 18 19               6
              20                     23 18 20               7
              21                     23 18 21               2
              22                     23 18 22               3



Second Shotest Path Routing for Node 0:
Destination Node                         Path       Path Cost
               1                      0 8 2 1              15
               2                        0 8 2               9
               3                0 8 7 6 5 4 3              21
               4                  0 8 7 6 5 4              18
               5                  0 1 2 3 4 5              19
               6                0 1 2 3 4 5 6              22
               7                  0 9 12 13 7              19
               8                     0 9 12 8              10
               9                     0 8 12 9               9
              10                 0 8 12 11 10              18
              11                 0 9 12 17 11              18
              12                       0 9 12               8
              13                 0 9 12 14 13              16
              14                    0 9 12 14              14
              15                    0 9 10 15              18
              16           0 9 12 14 18 23 16              25
              17                 0 9 12 14 17              20
              18                 0 9 12 14 18              20
              19              0 9 12 17 18 19              21
              20              0 9 12 17 18 20              22
              21           0 9 12 13 19 20 21              24
              22              0 9 12 14 18 22              22
              23              0 9 12 14 18 23              21

Second Shotest Path Routing for Node 1:
Destination Node                         Path       Path Cost
               0                      1 2 8 0              15
               2                      1 0 8 2              11
               3              1 0 8 7 6 5 4 3              23
               4                1 0 8 7 6 5 4              20
               5                  1 0 8 7 6 5              19
               6                  1 2 3 4 5 6              20
               7                1 2 8 12 13 7              24
               8                        1 2 8              11
               9                   1 2 8 12 9              16
              10               1 2 8 12 11 10              25
              11                     1 2 8 11              21
              12                  1 2 8 14 12              23
              13                  1 2 8 14 13              19
              14                  1 2 8 12 14              19
              15               1 2 8 14 18 15              30
              16            1 2 8 14 18 23 16              28
              17                  1 2 8 14 17              23
              18                  1 2 8 14 18              23
              19                  1 2 8 14 19              26
              20               1 2 8 14 18 20              29
              21            1 2 8 14 18 22 21              30
              22               1 2 8 14 18 22              25
              23               1 2 8 14 18 23              24

Second Shotest Path Routing for Node 2:
Destination Node                         Path       Path Cost
               0                        2 8 0               9
               1                      2 8 0 1              11
               3                2 8 7 6 5 4 3              22
               4                  2 8 7 6 5 4              19
               5                    2 8 7 6 5              18
               6                      2 8 7 6              15
               7                  2 3 4 5 6 7              18
               8                      2 1 0 8              12
               9                      2 1 0 9              13
              10                2 1 0 8 11 10              28
              11                   2 1 0 8 11              22
              12                   2 1 0 9 12              16
              13                2 1 0 8 14 13              20
              14                2 1 0 8 12 14              20
              15                2 1 0 9 10 15              26
              16          2 1 0 8 14 18 23 16              29
              17                2 1 0 8 14 17              24
              18                2 1 0 8 14 18              24
              19                2 1 0 8 14 19              27
              20             2 1 0 8 14 18 20              30
              21          2 1 0 8 14 18 22 21              31
              22             2 1 0 8 14 18 22              26
              23             2 1 0 8 14 18 23              25

Second Shotest Path Routing for Node 3:
Destination Node                         Path       Path Cost
               0                3 4 5 6 7 8 0              21
               1              3 4 5 6 7 8 0 1              23
               2                3 4 5 6 7 8 2              22
               4                3 2 8 7 6 5 4              26
               5                  3 2 8 7 6 5              25
               6                    3 2 8 7 6              22
               7                      3 2 8 7              18
               8                  3 4 5 6 7 8              17
               9                3 4 5 6 7 8 9              26
              10            3 4 5 6 7 8 11 10              33
              11               3 4 5 6 7 8 11              27
              12              3 4 5 6 7 13 12              22
              13                  3 2 8 12 13              18
              14                 3 4 5 6 7 14              19
              15           3 4 5 6 7 14 18 15              32
              16        3 4 5 6 7 14 18 23 16              30
              17              3 4 5 6 7 14 17              25
              18              3 4 5 6 7 14 18              25
              19                  3 2 8 14 19              27
              20            3 2 8 12 17 18 20              28
              21        3 4 5 6 7 13 19 20 21              30
              22           3 4 5 6 7 14 18 22              27
              23           3 4 5 6 7 14 18 23              26

Second Shotest Path Routing for Node 4:
Destination Node                         Path       Path Cost
               0                    4 3 2 1 0              18
               1                4 5 6 7 8 0 1              20
               2                  4 5 6 7 8 2              19
               3                4 5 6 7 8 2 3              26
               5                4 3 2 8 7 6 5              28
               6                  4 3 2 8 7 6              25
               7                    4 3 2 8 7              21
               8                      4 3 2 8              15
               9                  4 3 2 1 0 9              23
              10                4 3 2 8 11 10              31
              11                   4 3 2 8 11              25
              12               4 3 2 1 0 9 12              26
              13                4 3 2 8 12 13              21
              14                   4 3 2 8 14              21
              15             4 3 2 8 14 18 15              34
              16          4 3 2 8 14 18 23 16              32
              17                4 3 2 8 14 17              27
              18             4 3 2 8 12 17 18              25
              19                4 3 2 8 14 19              30
              20          4 3 2 8 12 17 18 20              31
              21          4 3 2 8 12 17 22 21              28
              22             4 3 2 8 14 18 22              29
              23             4 3 2 8 12 17 23              25

Second Shotest Path Routing for Node 5:
Destination Node                         Path       Path Cost
               0                  5 4 3 2 1 0              19
               1                  5 6 7 8 0 1              19
               2                    5 6 7 8 2              18
               3                  5 6 7 8 2 3              25
               4                5 6 7 8 2 3 4              28
               6                5 4 3 2 8 7 6              26
               7                  5 4 3 2 8 7              22
               8                    5 4 3 2 8              16
               9                5 4 3 2 1 0 9              24
              10              5 4 3 2 8 11 10              32
              11                 5 4 3 2 8 11              26
              12             5 4 3 2 1 0 9 12              27
              13              5 4 3 2 8 12 13              22
              14                 5 4 3 2 8 14              22
              15           5 4 3 2 8 14 18 15              35
              16        5 4 3 2 8 14 18 23 16              33
              17              5 4 3 2 8 14 17              28
              18           5 4 3 2 8 12 17 18              26
              19              5 4 3 2 8 14 19              31
              20        5 4 3 2 8 12 17 18 20              32
              21        5 4 3 2 8 12 17 22 21              29
              22           5 4 3 2 8 14 18 22              30
              23           5 4 3 2 8 12 17 23              26

Second Shotest Path Routing for Node 6:
Destination Node                         Path       Path Cost
               0                6 5 4 3 2 1 0              22
               1                  6 5 4 3 2 1              20
               2                      6 7 8 2              15
               3                    6 7 8 2 3              22
               4                  6 7 8 2 3 4              25
               5                6 7 8 2 3 4 5              26
               7                6 5 4 3 2 8 7              25
               8                  6 5 4 3 2 8              19
               9              6 5 4 3 2 1 0 9              27
              10            6 5 4 3 2 8 11 10              35
              11               6 5 4 3 2 8 11              29
              12           6 5 4 3 2 1 0 9 12              30
              13            6 5 4 3 2 8 12 13              25
              14               6 5 4 3 2 8 14              25
              15         6 5 4 3 2 8 14 18 15              38
              16      6 5 4 3 2 8 14 18 23 16              36
              17            6 5 4 3 2 8 14 17              31
              18         6 5 4 3 2 8 12 17 18              29
              19            6 5 4 3 2 8 14 19              34
              20      6 5 4 3 2 8 12 17 18 20              35
              21      6 5 4 3 2 8 12 17 22 21              32
              22         6 5 4 3 2 8 14 18 22              33
              23         6 5 4 3 2 8 12 17 23              29

Second Shotest Path Routing for Node 7:
Destination Node                         Path       Path Cost
               0                  7 13 12 9 0              19
               1                7 6 5 4 3 2 1              24
               2                  7 6 5 4 3 2              18
               3                      7 8 2 3              18
               4                    7 8 2 3 4              21
               5                  7 8 2 3 4 5              22
               6                7 8 2 3 4 5 6              25
               8                    7 13 12 8              13
               9                     7 14 8 9              23
              10                7 13 12 11 10              23
              11                   7 14 17 11              21
              12                      7 13 12              11
              13                      7 14 13              10
              14                      7 13 14               9
              15                   7 14 18 15              21
              16                7 14 18 23 16              19
              17                      7 14 17              14
              18                 7 8 12 17 18              16
              19                      7 14 19              17
              20                   7 14 18 20              20
              21                7 13 19 20 21              19
              22                   7 14 18 22              16
              23                 7 8 12 17 23              16

Second Shotest Path Routing for Node 8:
Destination Node                         Path       Path Cost
               0                     8 12 9 0              10
               1                        8 2 1              11
               2                      8 0 1 2              12
               3                  8 7 6 5 4 3              17
               4                      8 2 3 4              15
               5                    8 2 3 4 5              16
               6                  8 2 3 4 5 6              19
               7                    8 12 13 7              13
               9                          8 9               9
              10                      8 11 10              16
              11                         8 11              10
              12                      8 14 12              12
              13                      8 14 13               8
              14                      8 12 14               8
              15                   8 14 18 15              19
              16                8 14 18 23 16              17
              17                      8 14 17              12
              18                      8 14 18              12
              19                      8 14 19              15
              20                   8 14 18 20              18
              21                8 14 18 22 21              19
              22                   8 14 18 22              14
              23                   8 14 18 23              13

Second Shotest Path Routing for Node 9:
Destination Node                         Path       Path Cost
               0                     9 12 8 0               9
               1                   9 12 8 2 1              16
               2                      9 0 1 2              13
               3                9 8 7 6 5 4 3              26
               4                  9 0 1 2 3 4              23
               5                9 0 1 2 3 4 5              24
               6              9 0 1 2 3 4 5 6              27
               7                     9 8 14 7              23
               8                          9 8               9
              10                   9 12 11 10              15
              11                      9 10 11              13
              12                       9 8 12              11
              13                    9 8 14 13              17
              14                       9 8 14              15
              15                   9 12 17 15              14
              16                   9 10 15 16              22
              17                   9 10 11 17              20
              18                   9 10 15 18              20
              19                    9 8 14 19              24
              20              9 8 12 17 18 20              25
              21           9 8 12 13 19 20 21              27
              22                9 10 15 18 22              22
              23                9 10 15 18 23              21

Second Shotest Path Routing for Node 10:
Destination Node                         Path       Path Cost
               0                 10 11 12 8 0              18
               1               10 11 12 8 2 1              25
               2                10 11 8 0 1 2              28
               3            10 11 8 7 6 5 4 3              33
               4                10 11 8 2 3 4              31
               5              10 11 8 2 3 4 5              32
               6            10 11 8 2 3 4 5 6              35
               7                10 11 12 13 7              23
               8                      10 11 8              16
               9                   10 11 12 9              15
              11                   10 9 12 11              16
              12                     10 11 12              12
              13               10 11 12 14 13              20
              14               10 11 12 13 14              18
              15                  10 11 17 15              21
              16                  10 11 17 16              16
              17                   10 9 12 17              13
              18                  10 11 17 18              18
              19                10 9 12 13 19              19
              20             10 9 12 13 19 20              21
              21               10 11 17 22 21              21
              22                  10 11 17 22              16
              23                  10 11 17 23              18

Second Shotest Path Routing for Node 11:
Destination Node                         Path       Path Cost
               0                    11 10 9 0              18
               1                     11 8 2 1              21
               2                   11 8 0 1 2              22
               3               11 8 7 6 5 4 3              27
               4                   11 8 2 3 4              25
               5                 11 8 2 3 4 5              26
               6               11 8 2 3 4 5 6              29
               7                   11 17 14 7              21
               8                         11 8              10
               9                      11 10 9              13
              10                   11 12 9 10              16
              12                     11 17 12              10
              13                  11 17 14 13              15
              14                     11 17 14              13
              15                     11 17 15              15
              16               11 12 17 23 16              18
              17                     11 12 17               9
              18               11 12 17 22 18              14
              19                  11 17 18 19              17
              20                  11 17 18 20              18
              21               11 12 17 22 21              17
              22               11 12 17 18 22              16
              23               11 12 17 18 23              15

Second Shotest Path Routing for Node 12:
Destination Node                         Path       Path Cost
               0                       12 9 0               8
               1                   12 9 8 2 1              23
               2                   12 9 0 1 2              16
               3              12 13 7 6 5 4 3              22
               4               12 9 0 1 2 3 4              26
               5             12 9 0 1 2 3 4 5              27
               6           12 9 0 1 2 3 4 5 6              30
               7                      12 13 7              11
               8                       12 9 8              12
               9                       12 8 9              11
              10                     12 11 10              12
              11                     12 17 11              10
              13                     12 14 13               8
              14                     12 13 14               6
              15                   12 9 10 15              16
              16               12 14 18 23 16              17
              17                     12 14 17              12
              18                     12 14 18              12
              19                  12 17 18 19              13
              20                  12 17 18 20              14
              21               12 13 19 20 21              16
              22                  12 14 18 22              14
              23                  12 14 18 23              13

Second Shotest Path Routing for Node 13:
Destination Node                         Path       Path Cost
               0                 13 14 12 9 0              16
               1                  13 14 8 2 1              19
               2                13 14 8 0 1 2              20
               3                 13 7 6 5 4 3              18
               4                13 12 8 2 3 4              21
               5              13 12 8 2 3 4 5              22
               6            13 12 8 2 3 4 5 6              25
               7                      13 14 7              10
               8                      13 14 8               8
               9                    13 14 8 9              17
              10               13 14 12 11 10              20
              11                  13 14 17 11              15
              12                     13 14 12               8
              14                     13 12 14              10
              15                  13 14 18 15              15
              16               13 14 18 23 16              13
              17                     13 14 17               8
              18                     13 19 18              10
              19                     13 14 19              11
              20                  13 14 18 20              14
              21                  13 19 20 21              12
              22                  13 14 18 22              10
              23                  13 12 17 23              12

Second Shotest Path Routing for Node 14:
Destination Node                         Path       Path Cost
               0                    14 12 9 0              14
               1                  14 12 8 2 1              19
               2                14 12 8 0 1 2              20
               3                 14 7 6 5 4 3              19
               4                   14 8 2 3 4              21
               5                 14 8 2 3 4 5              22
               6               14 8 2 3 4 5 6              25
               7                      14 13 7               9
               8                      14 12 8               8
               9                       14 8 9              15
              10               14 13 12 11 10              18
              11                     14 17 11              13
              12                     14 13 12               6
              13                     14 12 13              10
              15                     14 17 15              14
              16                  14 18 23 16              11
              17                     14 12 17               9
              18                     14 17 18              11
              19                        14 19               9
              20                     14 18 20              12
              21               14 13 19 20 21              14
              22                     14 17 22               9
              23                     14 17 23              11

Second Shotest Path Routing for Node 15:
Destination Node                         Path       Path Cost
               0                    15 10 9 0              18
               1               15 18 14 8 2 1              30
               2                15 10 9 0 1 2              26
               3           15 18 14 7 6 5 4 3              32
               4             15 18 14 8 2 3 4              34
               5           15 18 14 8 2 3 4 5              35
               6         15 18 14 8 2 3 4 5 6              38
               7                   15 18 14 7              21
               8                   15 18 14 8              19
               9                   15 17 12 9              14
              10                15 17 12 9 10              21
              11                     15 17 11              15
              12                   15 10 9 12              16
              13                  15 18 14 13              15
              14                     15 17 14              14
              16                     15 17 16              11
              17                     15 18 17              12
              18                     15 17 18              13
              19               15 17 12 13 19              20
              20               15 17 18 21 20              19
              21                  15 17 22 21              16
              22                     15 17 22              11
              23                     15 17 23              13

Second Shotest Path Routing for Node 16:
Destination Node                         Path       Path Cost
               0           16 23 18 14 12 9 0              25
               1            16 23 18 14 8 2 1              28
               2          16 23 18 14 8 0 1 2              29
               3        16 23 18 14 7 6 5 4 3              30
               4          16 23 18 14 8 2 3 4              32
               5        16 23 18 14 8 2 3 4 5              33
               6      16 23 18 14 8 2 3 4 5 6              36
               7                16 23 18 14 7              19
               8                16 23 18 14 8              17
               9                   16 15 10 9              22
              10                16 17 12 9 10              16
              11               16 23 17 12 11              18
              12               16 23 18 14 12              17
              13               16 23 18 14 13              13
              14                  16 23 18 14              11
              15                     16 17 15              11
              17                     16 23 17               9
              18                     16 17 18               8
              19               16 17 12 13 19              15
              20               16 17 18 21 20              14
              21                  16 17 22 21              11
              22                  16 23 18 22               7
              23                     16 17 23               8

Second Shotest Path Routing for Node 17:
Destination Node                         Path       Path Cost
               0                 17 14 12 9 0              20
               1                  17 14 8 2 1              23
               2                17 14 8 0 1 2              24
               3              17 14 7 6 5 4 3              25
               4                17 14 8 2 3 4              27
               5              17 14 8 2 3 4 5              28
               6            17 14 8 2 3 4 5 6              31
               7                      17 14 7              14
               8                      17 14 8              12
               9                   17 11 10 9              20
              10                     17 11 10              13
              11                     17 12 11               9
              12                     17 14 12              12
              13                     17 14 13               8
              14                     17 12 14               9
              15                     17 16 15              12
              16                     17 23 16               9
              18                     17 22 18               5
              19                  17 12 13 19              12
              20               17 22 18 21 20              11
              21                     17 22 21               8
              22                     17 18 22               7
              23                     17 18 23               6

Second Shotest Path Routing for Node 18:
Destination Node                         Path       Path Cost
               0                 18 14 12 9 0              20
               1                  18 14 8 2 1              23
               2                18 14 8 0 1 2              24
               3              18 14 7 6 5 4 3              25
               4             18 17 12 8 2 3 4              25
               5           18 17 12 8 2 3 4 5              26
               6         18 17 12 8 2 3 4 5 6              29
               7                 18 17 12 8 7              16
               8                      18 14 8              12
               9                   18 15 10 9              20
              10                18 17 12 9 10              18
              11               18 22 17 12 11              14
              12                     18 14 12              12
              13                     18 19 13              10
              14                     18 17 14              11
              15                     18 17 15              13
              16                     18 17 16               8
              17                     18 22 17               5
              19                     18 20 19               8
              20                     18 21 20               6
              21                     18 22 21               7
              22                     18 21 22               6
              23                     18 22 23               8

Second Shotest Path Routing for Node 19:
Destination Node                         Path       Path Cost
               0              19 18 17 12 9 0              21
               1                  19 14 8 2 1              26
               2                19 14 8 0 1 2              27
               3              19 14 7 6 5 4 3              28
               4                19 14 8 2 3 4              30
               5              19 14 8 2 3 4 5              31
               6            19 14 8 2 3 4 5 6              34
               7                      19 14 7              17
               8                      19 14 8              15
               9                    19 14 8 9              24
              10                19 13 12 9 10              19
              11                  19 18 17 11              17
              12                  19 18 17 12              13
              13                     19 14 13              11
              14                        19 14               9
              15               19 13 12 17 15              20
              16               19 13 12 17 16              15
              17                  19 13 12 17              12
              18                     19 20 18               8
              20                     19 18 20              11
              21                     19 20 21               7
              22                  19 20 21 22              12
              23               19 20 18 22 23              16

Second Shotest Path Routing for Node 20:
Destination Node                         Path       Path Cost
               0              20 18 17 12 9 0              22
               1               20 18 14 8 2 1              29
               2          20 18 17 12 9 0 1 2              30
               3           20 18 14 7 6 5 4 3              31
               4          20 18 17 12 8 2 3 4              31
               5        20 18 17 12 8 2 3 4 5              32
               6      20 18 17 12 8 2 3 4 5 6              35
               7                   20 18 14 7              20
               8                   20 18 14 8              18
               9              20 18 17 12 8 9              25
              10             20 19 13 12 9 10              21
              11                  20 18 17 11              18
              12                  20 18 17 12              14
              13                  20 18 14 13              14
              14                     20 18 14              12
              15               20 21 18 17 15              19
              16               20 21 18 17 16              14
              17               20 21 18 22 17              11
              18                     20 21 18               6
              19                     20 18 19              11
              21                     20 18 21               7
              22                     20 21 22              10
              23               20 21 18 22 23              14

Second Shotest Path Routing for Node 21:
Destination Node                         Path       Path Cost
               0           21 20 19 13 12 9 0              24
               1            21 22 18 14 8 2 1              30
               2          21 22 18 14 8 0 1 2              31
               3        21 20 19 13 7 6 5 4 3              30
               4          21 22 17 12 8 2 3 4              28
               5        21 22 17 12 8 2 3 4 5              29
               6      21 22 17 12 8 2 3 4 5 6              32
               7                21 20 19 13 7              19
               8                21 22 18 14 8              19
               9           21 20 19 13 12 8 9              27
              10             21 22 17 12 9 10              21
              11               21 22 17 12 11              17
              12               21 20 19 13 12              16
              13                  21 20 19 13              12
              14                  21 22 17 14              14
              15                  21 22 17 15              16
              16                  21 22 17 16              11
              17                     21 22 17               8
              18                     21 22 18               7
              19                     21 20 19               7
              20                     21 18 20               7
              22                        21 22               5
              23                     21 22 23              11

Second Shotest Path Routing for Node 22:
Destination Node                         Path       Path Cost
               0              22 18 14 12 9 0              22
               1               22 18 14 8 2 1              25
               2             22 18 14 8 0 1 2              26
               3           22 18 14 7 6 5 4 3              27
               4             22 18 14 8 2 3 4              29
               5           22 18 14 8 2 3 4 5              30
               6         22 18 14 8 2 3 4 5 6              33
               7                   22 18 14 7              16
               8                   22 18 14 8              14
               9                22 18 15 10 9              22
              10                22 17 12 9 10              16
              11               22 18 17 12 11              16
              12                  22 18 14 12              14
              13                  22 18 14 13              10
              14                     22 17 14               9
              15                     22 17 15              11
              16                  22 18 23 16               7
              17                     22 18 17               7
              18                     22 21 18               6
              19                  22 21 20 19              12
              20                     22 21 20              10
              21                        22 21               5
              23                        22 23               6

Second Shotest Path Routing for Node 23:
Destination Node                         Path       Path Cost
               0              23 18 14 12 9 0              21
               1               23 18 14 8 2 1              24
               2             23 18 14 8 0 1 2              25
               3           23 18 14 7 6 5 4 3              26
               4             23 17 12 8 2 3 4              25
               5           23 17 12 8 2 3 4 5              26
               6         23 17 12 8 2 3 4 5 6              29
               7                 23 17 12 8 7              16
               8                   23 18 14 8              13
               9                23 18 15 10 9              21
              10                23 17 12 9 10              18
              11               23 18 17 12 11              15
              12                  23 18 14 12              13
              13                  23 17 12 13              12
              14                     23 17 14              11
              15                     23 16 15              13
              16                     23 17 16               8
              17                     23 18 17               6
              18                     23 22 18               8
              19               23 22 18 20 19              16
              20               23 22 18 21 20              14
              21                     23 22 21              11
              22                        23 22               6

